naive random
mh -10
wells -9
height -1
holes -22
bumpiness -10
average pieces: 598.97

mh -10
wells -15
height -1
holes -18
bumpiness -10
average pieces: 994
[627, 148, 1337, 224, 2319, 2290, 1331, 180, 372, 79, 975, 2483, 514, 374, 1573, 1087]

mh -5
wells -15
height -1
holes -18
bumpiness -10
average pieces: 1009
[1087, 448, 1169, 1804, 1609, 159, 292, 209, 576, 2027, 158, 2887, 356, 1582, 1398, 838, 1820, 333, 309, 744, 234, 2387, 1673, 132]

tgm1 random:
POWERS
mh 2
wells 3
holes 6
WEIGHTS
mh -10
wells -9
height -1
holes -22
bumpiness -10
average pieces: 3248.5

mh -5
wells -11
height -1
holes -25
bumpiness -30
average pieces: 4809

mh -5
wells -11
height -1
holes -45
bumpiness -30
average pieces: 2808

mh -10
wells 0
height 0
holes -18
bumpiness -10
average pieces: 160

mh -10
wells -9
height -1
holes -18
bumpiness -10
average pieces: 8208
[392, 560, 711, 853, 1175, 1231, 2397, 2641, 2723, 3234, 3684, 7069, 9542, 9920, 9992, 10270, 10889, 12294, 14457, 18004, 26618, 31792]

mh -10
wells -15
height -1
holes -18
bumpiness -10
average pieces: 19864
[5822, 2105, 15478, 81460, 32293, 3673, 6138, 74430, 35756, 5122, 15842, 2516, 31459, 15338, 442, 30346, 10917, 32055, 38937, 14056, 7719, 1304, 491, 13044]

mh -7
wells -15
height -1
holes -18
bumpiness -10
average pieces: 25259
[12925, 22969, 3239, 6431, 33381, 42453, 55420]

height 10
POWERS
mh 1
wells 1
holes 1

WEIGHTS
mh -2
wells -4
height -0.2
holes -10
bumpiness -2
average pieces: 493
average cleared: 189 
pieces:
[27, 79, 94, 102, 170, 176, 186, 202, 238, 271, 313, 324, 325, 352, 370, 427, 436, 437, 455, 529, 590, 655, 658, 721, 753, 900, 942, 1012, 1417, 1639]
cleared:
[3, 24, 31, 34, 61, 62, 69, 73, 89, 102, 117, 122, 123, 134, 140, 162, 166, 166, 174, 203, 228, 254, 256, 281, 295, 353, 369, 397, 559, 649]

WEIGHTS
mh -1.5
wells -3
height -0.2
holes -7
bumpiness -1
average pieces: 566
average cleared: 218
pieces:
[27, 33, 36, 39, 42, 43, 46, 47, 51, 67, 67, 67, 67, 76, 77, 80, 84, 90, 93, 93, 94, 97, 100, 108, 109, 113, 113, 119, 120, 125, 126, 127, 127, 133, 134, 134, 135, 137, 142, 147, 150, 151, 152, 159, 163, 163, 163, 168, 170, 172, 176, 183, 183, 185, 189, 192, 197, 202, 203, 204, 207, 207, 208, 215, 215, 216, 217, 218, 220, 245, 251, 259, 261, 271, 273, 275, 280, 282, 283, 285, 288, 295, 319, 326, 327, 331, 336, 341, 362, 368, 369, 377, 382, 401, 413, 416, 422, 437, 439, 446, 449, 461, 483, 493, 497, 499, 501, 501, 507, 529, 533, 538, 544, 549, 560, 593, 611, 632, 632, 635, 639, 645, 646, 679, 685, 714, 714, 733, 748, 752, 759, 794, 806, 821, 834, 835, 844, 849, 855, 858, 869, 910, 927, 946, 973, 990, 1024, 1027, 1047, 1049, 1064, 1078, 1081, 1088, 1143, 1164, 1210, 1237, 1256, 1267, 1279, 1309, 1310, 1330, 1340, 1345, 1384, 1414, 1528, 1535, 1565, 1591, 1629, 1657, 2009, 2181, 2367, 2461, 2784, 3151]
cleared:
[4, 6, 7, 8, 8, 10, 11, 11, 12, 18, 18, 19, 22, 22, 24, 25, 25, 28, 29, 29, 31, 31, 31, 35, 37, 38, 38, 39, 40, 41, 42, 44, 44, 45, 45, 45, 46, 48, 49, 50, 51, 52, 53, 55, 57, 58, 58, 59, 61, 61, 63, 66, 66, 67, 67, 68, 70, 72, 72, 74, 74, 74, 75, 77, 78, 79, 79, 80, 80, 88, 92, 95, 96, 99, 101, 102, 104, 105, 106, 107, 109, 111, 119, 122, 123, 124, 128, 130, 137, 140, 141, 144, 145, 153, 158, 159, 161, 167, 167, 171, 171, 177, 185, 190, 192, 192, 193, 194, 194, 203, 204, 206, 209, 214, 216, 230, 237, 245, 245, 245, 247, 250, 253, 264, 267, 277, 279, 285, 293, 295, 295, 310, 314, 321, 326, 327, 331, 331, 335, 336, 340, 356, 364, 370, 380, 389, 402, 403, 411, 412, 417, 424, 427, 428, 450, 459, 475, 486, 493, 498, 503, 516, 518, 524, 529, 531, 545, 558, 604, 606, 618, 627, 643, 654, 795, 865, 939, 978, 1107, 1253]

WEIGHTS
mh -2
wells -3
height -0.2
holes -7
bumpiness -1
average pieces: 584
average cleared: 225
pieces:
[32, 32, 43, 45, 58, 61, 63, 66, 67, 73, 77, 79, 87, 87, 101, 103, 104, 110, 110, 116, 121, 138, 138, 148, 149, 159, 159, 166, 169, 174, 180, 181, 188, 202, 229, 231, 250, 251, 251, 260, 266, 289, 294, 312, 322, 329, 336, 339, 384, 388, 390, 391, 398, 418, 422, 457, 482, 509, 509, 524, 564, 567, 586, 627, 633, 666, 678, 697, 732, 744, 757, 780, 822, 844, 849, 904, 918, 984, 1038, 1047, 1053, 1131, 1190, 1264, 1411, 1632, 1666, 1683, 1746, 1832, 2221, 2584, 2587, 4509]
cleared:
[5, 7, 8, 10, 15, 16, 17, 18, 19, 20, 23, 23, 26, 27, 32, 33, 33, 34, 36, 39, 41, 47, 47, 50, 51, 56, 57, 58, 60, 62, 64, 66, 67, 74, 85, 85, 93, 94, 95, 97, 98, 109, 110, 115, 122, 123, 126, 128, 146, 147, 147, 149, 151, 158, 161, 175, 184, 196, 197, 203, 217, 220, 226, 241, 244, 259, 263, 273, 284, 290, 293, 303, 319, 331, 331, 355, 359, 386, 407, 410, 415, 444, 469, 497, 555, 644, 659, 664, 689, 724, 881, 1026, 1026, 1795]

WEIGHTS
mh -2
wells -3
height 0
holes -8
bumpiness 0
average pieces: 710
average cleared: 276
pieces:
[36, 61, 67, 78, 83, 113, 147, 179, 191, 194, 214, 236, 251, 278, 283, 295, 369, 372, 407, 415, 462, 485, 505, 612, 645, 666, 738, 755, 785, 808, 915, 965, 989, 1078, 1128, 1167, 1179, 1188, 1213, 1353, 1401, 1658, 1958, 2030, 3029]
cleared:
[6, 18, 20, 23, 26, 37, 53, 63, 69, 72, 78, 88, 94, 103, 104, 111, 139, 143, 155, 158, 177, 186, 194, 239, 250, 257, 286, 294, 307, 316, 359, 378, 388, 424, 443, 460, 463, 467, 477, 534, 555, 657, 774, 805, 1203]

WEIGHTS
mh -2
wells -3
height -0.2
holes -7
bumpiness 0
average pieces: 505
average cleared: 194
pieces:
[51, 58, 59, 66, 68, 69, 71, 79, 81, 91, 93, 110, 111, 121, 142, 154, 156, 160, 164, 174, 178, 183, 197, 205, 216, 221, 224, 248, 249, 268, 286, 286, 301, 327, 339, 342, 346, 371, 379, 394, 400, 424, 468, 503, 522, 527, 620, 622, 627, 641, 652, 663, 671, 689, 697, 702, 711, 720, 795, 797, 947, 964, 999, 999, 1037, 1049, 1088, 1126, 1151, 1395, 1461, 1508, 1589, 1975]
cleared:
[13, 15, 16, 19, 20, 21, 22, 24, 25, 28, 30, 37, 37, 40, 49, 54, 55, 57, 57, 62, 63, 66, 71, 75, 78, 79, 81, 92, 93, 100, 106, 106, 113, 123, 127, 129, 130, 141, 144, 150, 152, 161, 181, 194, 200, 205, 239, 241, 241, 249, 254, 257, 260, 268, 271, 273, 276, 279, 310, 310, 370, 378, 391, 392, 406, 411, 428, 441, 453, 552, 577, 596, 629, 783]

height 20
POWERS
mh 1
wells 1
holes 1
WEIGHTS
mh -2
wells -4
height -0.2
holes -10
bumpiness -2

avg pieces: 36951
avg cleared: 14766
pieces:
[5398, 5860, 6726, 9484, 18329, 18967, 23419, 30621, 32192, 33598, 54038, 113888, 127849]
cleared:
[2145, 2328, 2676, 3781, 7319, 7576, 9355, 12233, 12862, 13427, 21600, 45540, 51123]

WEIGHTS
mh -2
wells -3
height 0
holes -8
bumpiness 0

avg pieces: 21831
avg cleared: 8718
pieces:
[61, 687, 804, 813, 976, 1003, 1077, 1350, 2461, 3286, 3346, 3377, 3586, 4055, 5858, 5912, 6124, 7301, 7389, 7449, 8990, 9853, 11348, 12021, 12308, 13794, 14605, 15911, 16856, 17011, 17855, 18635, 21379, 21838, 22240, 24046, 25047, 26139, 26236, 27048, 27691, 27998, 28015, 29898, 30383, 38123, 47517, 48481, 49459, 58095, 72159, 116581, 152577]
cleared:
[8, 262, 307, 308, 378, 388, 415, 528, 972, 1303, 1326, 1338, 1421, 1608, 2330, 2352, 2437, 2905, 2944, 2964, 3582, 3927, 4522, 4794, 4909, 5502, 5827, 6351, 6731, 6790, 7129, 7442, 8539, 8722, 8881, 9606, 10006, 10443, 10482, 10804, 11061, 11186, 11195, 11945, 12137, 15235, 18994, 19378, 19766, 23223, 28847, 46616, 61018]

WEIGHTS
mh -2
wells -2.7
height -0.05
holes -7
bumpiness 0
avg pieces: 25339
avg cleared: 10121
pieces:
[623, 1506, 1906, 5814, 9958, 11835, 17433, 28631, 37430, 38314, 40520, 46198, 48889, 65702]
cleared:
[233, 588, 747, 2313, 3966, 4719, 6958, 11438, 14959, 15313, 16194, 18462, 19540, 26267]